100.5 19
100.6 101
101.4 120
102.8 100
104.4 60
104.6 120
105.0 100
105.1 56
105.6 120
105.8 112
106.5 112
108.0 52
108.1 60
110.0 1
110.1 119
110.8 120
115.4 232
116.6 140
117.3 112
119.0 60
119.1 80
119.2 40
119.4 120
119.5 56
120.0 52
120.5 100
121.1 30
121.4 120
121.7 46
125.4 60
126.0 112
128.0 80
128.1 40
129.2 40
129.3 20
131.8 112
133.2 50
133.3 80
133.4 40
133.5 120
133.9 112
134.5 112
134.6 60
136.1 120
137.8 100
14.8 60
142.8 120
143.7 60
144.0 52
147.1 60
147.2 120
148.3 46
148.4 60
149.5 112
149.8 30
15.1 56
150.5 56
151.2 50
152.1 120
16.6 50
160.6 60
161.9 112
162.0 120
163.4 50
164.9 56
165.2 60
18.0 120
18.1 112
180.0 79
19.4 60
27.9 120
28.8 50
29.5 56
30.2 30
30.5 112
31.6 60
31.7 46
32.8 120
32.9 60
36.0 52
36.3 60
37.2 120
42.2 100
43.9 120
45.4 60
45.5 112
46.1 112
46.5 120
46.6 40
46.7 80
46.8 50
48.2 112
50.7 20
50.8 40
51.9 40
52.0 80
54.0 112
54.6 60
58.3 46
58.6 120
58.9 30
59.5 100
60.0 52
60.5 56
60.6 120
60.8 40
60.9 80
61.0 60
62.7 112
63.4 140
64.6 232
69.2 120
69.9 119
70.0 1
71.9 60
72.0 52
73.5 112
74.2 112
74.4 120
74.9 56
75.0 100
75.4 120
75.6 60
77.2 100
78.6 120
79.4 101
79.5 19
80.3 112
82.6 232
83.7 60
87.1 120
87.7 30
87.8 80
88.5 120
88.9 20
89.0 40
90.0 372
91.0 40
91.1 20
91.5 120
92.2 80
92.3 30
92.9 120
96.3 60
97.4 232
99.7 112
