14.8 0.016666666666666666
15.1 0.016666666666666666
16.6 0.016666666666666666
18.0 0.008333333333333333
18.1 0.008333333333333333
19.4 0.016666666666666666
27.9 0.008333333333333333
28.8 0.016666666666666666
29.5 0.016666666666666666
30.2 0.03333333333333333
30.5 0.008333333333333333
31.6 0.016666666666666666
31.7 0.016666666666666666
32.8 0.008333333333333333
32.9 0.016666666666666666
36.0 0.016666666666666666
36.3 0.016666666666666666
37.2 0.008333333333333333
42.2 0.008333333333333333
43.9 0.008333333333333333
45.4 0.016666666666666666
45.5 0.008333333333333333
46.1 0.008333333333333333
46.5 0.008333333333333333
46.6 0.025
46.7 0.0125
46.8 0.016666666666666666
48.2 0.008333333333333333
50.7 0.05
50.8 0.025
51.9 0.025
52.0 0.0125
54.0 0.008333333333333333
54.6 0.016666666666666666
58.3 0.016666666666666666
58.6 0.008333333333333333
58.9 0.03333333333333333
59.5 0.008333333333333333
60.0 0.016666666666666666
60.5 0.016666666666666666
60.6 0.008333333333333333
60.8 0.025
60.9 0.0125
61.0 0.016666666666666666
62.7 0.008333333333333333
63.4 0.006666666666666667
64.6 0.004166666666666667
69.2 0.008333333333333333
69.9 0.008403361344537815
70.0 1.0
71.9 0.016666666666666666
72.0 0.016666666666666666
73.5 0.008333333333333333
74.2 0.008333333333333333
74.4 0.008333333333333333
74.9 0.016666666666666666
75.0 0.008333333333333333
75.4 0.008333333333333333
75.6 0.016666666666666666
77.2 0.008333333333333333
78.6 0.008333333333333333
79.4 0.009900990099009901
79.5 0.05263157894736842
80.3 0.008333333333333333
82.6 0.004166666666666667
83.7 0.016666666666666666
87.1 0.008333333333333333
87.7 0.025
87.8 0.0125
88.5 0.008333333333333333
88.9 0.05
89.0 0.025
90.0 0.002380952380952381
91.0 0.025
91.1 0.05
91.5 0.008333333333333333
92.2 0.0125
92.3 0.025
92.9 0.008333333333333333
96.3 0.016666666666666666
97.4 0.004166666666666667
99.7 0.008333333333333333
100.5 0.05263157894736842
100.6 0.009900990099009901
101.4 0.008333333333333333
102.8 0.008333333333333333
104.4 0.016666666666666666
104.6 0.008333333333333333
105.0 0.008333333333333333
105.1 0.016666666666666666
105.6 0.008333333333333333
105.8 0.008333333333333333
106.5 0.008333333333333333
108.0 0.016666666666666666
108.1 0.016666666666666666
110.0 1.0
110.1 0.008403361344537815
110.8 0.008333333333333333
115.4 0.004166666666666667
116.6 0.006666666666666667
117.3 0.008333333333333333
119.0 0.016666666666666666
119.1 0.0125
119.2 0.025
119.4 0.008333333333333333
119.5 0.016666666666666666
120.0 0.016666666666666666
120.5 0.008333333333333333
121.1 0.03333333333333333
121.4 0.008333333333333333
121.7 0.016666666666666666
125.4 0.016666666666666666
126.0 0.008333333333333333
128.0 0.0125
128.1 0.025
129.2 0.025
129.3 0.05
131.8 0.008333333333333333
133.2 0.016666666666666666
133.3 0.0125
133.4 0.025
133.5 0.008333333333333333
133.9 0.008333333333333333
134.5 0.008333333333333333
134.6 0.016666666666666666
136.1 0.008333333333333333
137.8 0.008333333333333333
142.8 0.008333333333333333
143.7 0.016666666666666666
144.0 0.016666666666666666
147.1 0.016666666666666666
147.2 0.008333333333333333
148.3 0.016666666666666666
148.4 0.016666666666666666
149.5 0.008333333333333333
149.8 0.03333333333333333
150.5 0.016666666666666666
151.2 0.016666666666666666
152.1 0.008333333333333333
160.6 0.016666666666666666
161.9 0.008333333333333333
162.0 0.008333333333333333
163.4 0.016666666666666666
164.9 0.016666666666666666
165.2 0.016666666666666666
180.0 0.012345679012345678
