0 450.87499999975427 1.9383734590273392
1 443.7833333332584 2.719630285331069
2 401.5666666666301 2.5870403510147906
3 474.30000000016173 3.976179070414472
4 410.9166666664573 1.850487923643792
5 432.7499999999351 2.6856098003993494
6 422.28333333327794 2.6529333869429443
7 454.1499999997513 1.9454005585812386
8 446.433333333256 2.727738175770656
9 403.3999999999618 2.5929391302794382
10 455.7666666665808 2.7561043360352313
11 450.4416666664213 1.937441755395633
12 474.42499999973285 1.9883514947465941
13 474.4166666663995 1.9883340318509288
14 475.48333333322955 2.8150883151729658
15 444.97499999975963 1.9256492411638975
16 439.76666666643104 1.9143464216848132
17 468.2916666664051 1.9754570497862156
18 483.7499999998339 3.47760693581061
19 470.0874999997094 2.424065541605037
20 474.54999999989707 2.812324068571723
21 436.3666666664341 1.9069317997464412
22 463.70000000007116 4.81508047700167
23 453.44999999986146 3.366934807803494
24 460.7999999998548 3.3941125496952194
25 456.8999999997214 2.3898221691157424
26 428.7833333331077 1.890289513392049
27 456.26666666658036 2.7576157173263898
28 430.1666666666041 2.6775818277777192
29 446.6499999997581 1.9292701556102467
30 447.46666666680704 3.8620662287896503
31 454.7333333330841 1.9466495433023612
32 396.88333333330104 2.5719102282589805
33 425.7333333332748 2.6637484032011303
34 450.76666666642103 1.9381405751089977
35 459.5749999998559 3.3895980587672354
36 450.21249999972747 2.3722681657007385
37 450.63333333325215 2.7405392818853436
38 424.2833333331118 1.8803442356228455
39 445.4333333329932 1.7232398427245748
40 431.04999999969016 1.3401647908626342
41 442.29166666642874 1.9198343389167856
42 440.33613445425783 1.9236173348337264
43 446.0 21.118712081942874
44 439.21666666659587 2.7056011860174123
45 385.8333333333111 2.5358540091173363
46 414.1999999997876 1.8578661595127193
47 416.79999999978526 1.863688099798124
48 442.13333333309555 1.9194906731838035
49 416.7666666666163 2.635547592268465
50 440.5249999997637 1.9159962595636437
51 445.0583333330929 1.9258295470886142
52 441.11666666659414 2.7114469282000524
53 441.5999999997627 1.9183326093238315
54 437.64166666643297 1.9097156565531344
55 433.584158416019 2.071934472796525
56 450.36842105253885 4.868634419222358
57 412.8666666664555 1.8548734607922621
58 421.81249999969856 1.3257270018123737
59 429.69999999993786 2.6761290452195485
60 434.91666666643545 1.9037608976840827
61 428.39999999988424 3.2726136343906105
62 435.7624999997406 2.3338875829819465
63 434.5166666664358 1.9028852362183017
64 435.15000000006467 4.664493541640068
65 434.44999999987874 3.2956410605524358
66 411.0904761914406 0.9893365696632707
67 423.02499999988913 3.2520186038827394
68 445.25000000006696 4.718315377335661
69 433.6749999997699 1.9010413812773026
70 439.13749999973754 2.34290818215253
71 432.2749999998807 3.28738117655973
72 433.7333333331032 1.9011692308786778
73 434.61666666660005 2.6913957552006633
74 420.1999999997 1.3231905884393234
75 415.9666666664527 1.8618240757076696
76 442.1578947367536 4.824051009685492
77 433.8712871288908 2.072620398940893
78 436.04999999976775 1.906239754069598
79 439.3583333330981 1.9134574582257327
80 440.549999999928 2.70970478096804
81 438.99166666643174 1.9126588532417732
82 442.8916666664282 1.9211360932750277
83 418.7833333332811 2.6419163919820057
84 436.49999999976734 1.9072231122748353
85 414.3499999997875 1.858202536502019
86 408.7583333331259 1.8456216959172476
87 396.5833333333013 2.570938004352334
88 439.833333333262 2.707499871755603
89 478.0 21.863211109075447
90 438.3193277315628 1.9192070485541564
91 439.7833333330977 1.914382697139299
92 429.05416666635864 1.337058597985009
93 443.1799999996619 1.7188756014706958
94 419.4583333331162 1.86962191662027
95 445.8833333332565 2.726057389140947
96 448.02499999972946 2.3664979399942805
97 452.0999999998627 3.3619190948026665
98 445.7083333330923 1.9272353543628726
99 420.3999999999463 2.647010892812432
100 394.8333333333029 2.565259354442839
101 449.5833333330888 1.9355949415548583
102 441.8666666668026 3.8378234572333856
103 452.44999999975283 1.9417560780544945
104 425.2166666666086 2.662131560318809
105 450.94999999991853 2.741502021398929
106 426.9416666664427 1.8862256551690133
107 460.0874999997185 2.3981438134517776
108 458.8749999998565 3.3870156480297853
109 456.8249999998584 3.3794415219084164
110 462.6500000000709 4.809625765067653
111 433.65833333310326 1.9010048512404765
112 470.583333333234 2.800545581767361
113 471.01249999970855 2.4264493091752217
114 462.49999999985323 3.400367627183647
115 463.3999999997429 1.9651123801608126
116 439.4999999997646 1.9137659208992184
117 435.1666666664352 1.9043079816259323
118 470.1833333332344 2.799355084459637
119 467.11666666640616 1.972977163801807
120 466.0666666664071 1.9707584552358133
121 477.49999999973005 1.9947848672628676
122 473.9499999998976 2.810545617254381
123 427.26666666660674 2.6685410079502487
124 477.61666666656095 2.8213964233653748
125 473.35833333306715 1.9861149961097804
126 454.8833333332483 2.753432201614919
127 484.0999999998884 2.8404811798944
128 450.1499999997549 1.936814394823356
129 475.8000000001629 3.9824615503482392
130 455.3666666665812 2.754894634000643
131 490.383333333216 2.858855637410918
132 478.7749999997289 1.997446286301813
133 492.2666666665476 2.8643401411922045
134 470.0499999997368 1.9791622806954947
135 495.7999999997134 2.032650158453568
136 503.9999999998703 2.898275349237877
137 467.9333333332364 2.7926490808710667
138 495.0499999998784 2.872426384319314
139 496.01234567928793 2.4745927353638115
