0 25.299999999999205 0.4591659104652073
1 24.76666666666654 0.6424778422465367
2 21.016666666666755 0.5918426968188156
3 23.233333333333647 0.8800252521629334
4 21.508333333332754 0.4233628598626899
5 23.933333333333255 0.6315765107165382
6 20.816666666666766 0.5890199015690686
7 22.624999999999357 0.43421384900377447
8 23.48333333333328 0.6256108126374398
9 19.766666666666826 0.5739725119240782
10 22.000000000000032 0.6055300708194901
11 21.999999999999392 0.42817441928884364
12 21.49999999999942 0.42328083664001515
13 21.774999999999405 0.4259792639710743
14 22.583333333333332 0.6135054106435235
15 19.74999999999952 0.4056887148212722
16 19.333333333332877 0.40138648595974524
17 21.274999999999434 0.42106016988866435
18 21.699999999999836 0.7365459931328058
19 21.524999999999313 0.5187123480311591
20 21.516666666666726 0.5988414741073813
21 19.80833333333285 0.406287391441633
22 19.750000000000146 0.9937303457175845
23 19.799999999999944 0.7035623639735089
24 20.874999999999883 0.7224091638399887
25 20.69999999999936 0.5086747487343919
26 19.59999999999953 0.40414518843274055
27 20.633333333333443 0.5864204028586316
28 19.116666666666863 0.5644564740625296
29 20.666666666666135 0.4149966532662952
30 20.733333333333523 0.8313309275559913
31 20.616666666666138 0.41449433718153367
32 17.933333333333596 0.5467073155618843
33 19.683333333333497 0.5727613425813122
34 20.316666666666155 0.41146756318762057
35 21.224999999999863 0.7284401142166674
36 19.762499999999413 0.4970223838017715
37 20.500000000000117 0.5845225972249984
38 19.641666666666193 0.40457453646461444
39 19.82666666666651 0.36356261878496154
40 19.395833333332554 0.28428150172360667
41 19.666666666666192 0.40483192671637325
42 19.243697478991532 0.4021339870253848
43 20.0 4.47213595499958
44 19.233333333333523 0.5661762583820938
45 17.3000000000003 0.5369667897862276
46 18.87499999999957 0.39660013447636117
47 19.041666666666227 0.3983472800905723
48 20.491666666666145 0.4132358756072518
49 19.850000000000154 0.5751811308912392
50 19.89166666666618 0.4071411166768732
51 20.191666666666162 0.410199815807969
52 19.816666666666823 0.5746979883188815
53 20.266666666666158 0.4109609335312686
54 20.108333333332833 0.40935246969384115
55 20.00990099009795 0.445104292930468
56 20.526315789473752 1.0393904030595489
57 18.774999999999576 0.3955481428768618
58 19.595833333332543 0.28574342609334413
59 20.466666666666786 0.5840471822645001
60 19.349999999999543 0.40155946010522736
61 19.52499999999996 0.6986594306241005
62 18.987499999999457 0.48717938174762243
63 20.033333333332838 0.4085883557377119
64 19.050000000000136 0.975961064797152
65 18.425000000000022 0.6786935980249061
66 18.87142857143256 0.21197163203863328
67 19.14999999999998 0.691917625154897
68 19.700000000000145 0.9924716620639553
69 20.18333333333283 0.4101151599788128
70 19.47499999999943 0.49339385889975923
71 20.07499999999993 0.7084313657652321
72 19.36666666666621 0.4017323597731338
73 19.55000000000017 0.5708181263181163
74 19.158333333332568 0.2825356418027564
75 18.691666666666247 0.39466934120715497
76 21.10526315789482 1.053946547078985
77 20.970297029701825 0.45566073263380713
78 19.624999999999527 0.40440285195170017
79 20.091666666666168 0.4091827899063672
80 20.616666666666777 0.5861835131689581
81 20.633333333332804 0.414661843487495
82 19.508333333332867 0.4031990134467672
83 18.450000000000234 0.5545268253204642
84 20.04166666666617 0.4086733278413108
85 18.72499999999958 0.3950210964830455
86 18.858333333332904 0.39642499640887785
87 18.650000000000222 0.5575242894559176
88 20.000000000000146 0.5773502691896183
89 17.0 4.123105625617661
90 20.77310924369741 0.4178085006606983
91 20.316666666666155 0.41146756318762057
92 19.37916666666589 0.28415933519380376
93 20.226666666666574 0.36721171610454745
94 18.3749999999996 0.39131189606246375
95 20.516666666666783 0.5847601597616201
96 20.449999999999374 0.5055937104039133
97 19.749999999999947 0.7026734661277543
98 20.79999999999946 0.41633319989323087
99 19.116666666666863 0.5644564740625296
100 17.716666666666942 0.5433946795633638
101 20.79999999999946 0.41633319989323087
102 20.066666666666823 0.8178562764256833
103 20.558333333332808 0.4139075312729254
104 19.150000000000194 0.5649483752226028
105 21.06666666666675 0.592546294487698
106 19.349999999999543 0.40155946010522736
107 20.412499999999376 0.505129933779415
108 20.39999999999991 0.7141428428542793
109 20.849999999999884 0.7219764539096768
110 20.950000000000163 1.0234744745229305
111 19.441666666666205 0.402509489191113
112 21.566666666666723 0.5995368582868236
113 21.349999999999323 0.5165994579942936
114 20.74999999999989 0.7202430145443909
115 20.699999999999466 0.4153311931459079
116 20.874999999999456 0.4170831252080777
117 19.699999999999523 0.40517485937144326
118 20.36666666666679 0.5826186097649436
119 20.94166666666612 0.41774859531648056
120 21.041666666666114 0.4187448175467084
121 22.16666666666605 0.4297932319409271
122 21.100000000000083 0.5930148958218986
123 20.10000000000014 0.5787918451395038
124 22.86666666666665 0.6173419725817292
125 21.20833333333277 0.4203999418543195
126 20.033333333333477 0.5778311941119831
127 22.100000000000026 0.6069047152010958
128 20.991666666666116 0.4182470030443247
129 21.200000000000212 0.8406346808612286
130 21.216666666666743 0.5946520924970344
131 22.300000000000015 0.6096447052723877
132 22.13333333333272 0.4294699575575104
133 23.033333333333307 0.6195876765146948
134 21.341666666666097 0.42171936429600493
135 22.149999999999384 0.42963162515501424
136 22.933333333333312 0.6182412330330382
137 20.616666666666777 0.5861835131689581
138 22.966666666666644 0.6186903731090109
139 23.012345679011364 0.5330131640721613
