14.8 60
15.1 60
16.6 60
18.0 120
18.1 120
19.4 60
27.9 120
28.8 60
29.5 60
30.2 30
30.5 120
31.6 60
31.7 60
32.8 120
32.9 60
36.0 60
36.3 60
37.2 120
42.2 120
43.9 120
45.4 60
45.5 120
46.1 120
46.5 120
46.6 40
46.7 80
46.8 60
48.2 120
50.7 20
50.8 40
51.9 40
52.0 80
54.0 120
54.6 60
58.3 60
58.6 120
58.9 30
59.5 120
60.0 60
60.5 60
60.6 120
60.8 40
60.9 80
61.0 60
62.7 120
63.4 150
64.6 240
69.2 120
69.9 119
70.0 1
71.9 60
72.0 60
73.5 120
74.2 120
74.4 120
74.9 60
75.0 120
75.4 120
75.6 60
77.2 120
78.6 120
79.4 101
79.5 19
80.3 120
82.6 240
83.7 60
87.1 120
87.7 40
87.8 80
88.5 120
88.9 20
89.0 40
90.0 420
91.0 40
91.1 20
91.5 120
92.2 80
92.3 40
92.9 120
96.3 60
97.4 240
99.7 120
100.5 19
100.6 101
101.4 120
102.8 120
104.4 60
104.6 120
105.0 120
105.1 60
105.6 120
105.8 120
106.5 120
108.0 60
108.1 60
110.0 1
110.1 119
110.8 120
115.4 240
116.6 150
117.3 120
119.0 60
119.1 80
119.2 40
119.4 120
119.5 60
120.0 60
120.5 120
121.1 30
121.4 120
121.7 60
125.4 60
126.0 120
128.0 80
128.1 40
129.2 40
129.3 20
131.8 120
133.2 60
133.3 80
133.4 40
133.5 120
133.9 120
134.5 120
134.6 60
136.1 120
137.8 120
142.8 120
143.7 60
144.0 60
147.1 60
147.2 120
148.3 60
148.4 60
149.5 120
149.8 30
150.5 60
151.2 60
152.1 120
160.6 60
161.9 120
162.0 120
163.4 60
164.9 60
165.2 60
180.0 81
