324.000000 0.000000 -0.000014
310.460968 -74.982216 -54.476254
310.461975 28.639851 -88.142639
310.461609 92.680077 -0.000014
310.461517 28.639809 88.144249
310.460968 -74.982216 54.476265
283.879730 -156.167526 -0.000014
275.606995 -137.809265 -100.126884
283.880646 -48.259556 -148.522018
275.607544 52.639263 -162.004898
283.880554 126.340126 -91.793221
275.606628 170.343735 -0.000014
283.881012 126.340324 91.791595
275.606720 52.639103 162.006378
283.880646 -48.259552 148.522049
275.607452 -137.809494 100.125282
239.938934 -213.680237 -41.785885
221.716461 -191.137589 -138.867691
239.939102 -105.770699 -190.309708
239.939850 -26.290403 -216.133484
221.716568 73.006920 -224.694794
239.940292 148.308777 -159.402512
239.939896 197.430634 -91.793221
221.717392 236.257065 -0.000014
239.940262 197.430939 91.791595
239.940308 148.308792 159.402481
221.717697 73.007286 224.693573
239.940201 -26.290443 216.133102
239.940308 -105.771225 190.307907
221.716278 -191.137436 138.868195
239.938934 -213.680252 41.785858
170.315384 -275.624146 0.011882
164.437164 -266.111328 -84.387093
144.872406 -234.458603 -170.344208
164.436356 -162.490555 -227.009918
170.318375 -85.184990 -262.128143
164.435501 -1.974560 -279.164948
144.870102 89.554306 -275.624176
164.434128 165.684982 -224.690689
170.317856 222.977753 -162.014664
164.435852 264.891907 -88.142639
144.871658 289.807190 -0.000014
164.435608 264.891510 88.144249
170.317245 222.990646 161.997543
164.435211 165.686081 224.689087
144.871735 89.555313 275.622986
164.435440 -1.974560 279.164978
170.316635 -85.161880 262.136780
164.436661 -162.490860 227.009476
144.872406 -234.458603 170.344223
164.436859 -266.110840 84.389267
83.769226 -310.182800 -41.777462
71.750359 -283.804626 -138.862595
71.749359 -219.764374 -227.005844
83.767288 -135.583069 -282.092682
83.770538 -56.119698 -307.910828
71.752235 44.364231 -312.824921
71.751785 147.984482 -279.156372
83.767525 226.386322 -216.120895
83.767845 275.499847 -148.522018
71.750931 311.223633 -54.476254
71.750931 311.223633 54.476265
83.767838 275.499817 148.522049
83.767784 226.387039 216.120026
71.751144 147.983154 279.157227
71.750862 44.363384 312.825348
83.768295 -56.118198 307.911713
83.768341 -135.584778 282.091522
71.749725 -219.765503 227.004639
71.750595 -283.805573 138.860550
83.769226 -310.182800 41.777431
12.754152 -323.748871 -0.000014
0.000004 -308.145813 -100.110756
-12.750295 -261.917664 -190.296021
0.000002 -190.451584 -262.114838
12.751977 -100.043236 -307.903778
-0.000028 -0.000000 -324.000000
-12.751778 100.043259 -307.903778
-0.000008 190.433273 -262.128143
12.751722 261.917572 -190.296021
-0.000013 308.138824 -100.132248
-12.751808 323.748962 -0.000014
-0.000013 308.145630 100.111282
12.752192 261.918243 190.295090
-0.000008 190.451111 262.115204
-12.751842 100.043770 307.903625
0.000000 0.000000 324.000000
12.752042 -100.043739 307.903625
0.000002 -190.433731 262.127838
-12.750327 -261.918335 190.295090
0.000004 -308.139008 100.131706
-71.748787 -311.224121 -54.476254
-83.766472 -275.500244 -148.522018
-83.769470 -226.385590 -216.120895
-71.752022 -147.984375 -279.156372
-71.752548 -44.363724 -312.824921
-83.770531 56.119705 -307.910828
-83.767242 135.583084 -282.092682
-71.749420 219.764359 -227.005844
-71.750397 283.804626 -138.862595
-83.769234 310.182770 -41.777462
-83.769234 310.182800 41.777431
-71.750633 283.805573 138.860550
-71.749786 219.765472 227.004639
-83.768295 135.584793 282.091522
-83.768288 56.118206 307.911713
-71.751640 -44.363167 312.825195
-71.751381 -147.983047 279.157227
-83.769737 -226.386307 216.120026
-83.766464 -275.500244 148.522049
-71.748787 -311.224121 54.476265
-144.871704 -289.807159 -0.000014
-164.437729 -264.890747 -88.142639
-170.315903 -222.989883 -162.000015
-164.434433 -165.684677 -224.690689
-144.870239 -89.554077 -275.624176
-164.435501 1.974614 -279.164948
-170.315018 85.160988 -262.138123
-164.436356 162.490570 -227.009918
-144.872437 234.458588 -170.344208
-164.437149 266.111328 -84.387093
-170.315369 275.624146 -0.011872
-164.436829 266.110840 84.389267
-144.872437 234.458572 170.344223
-164.436646 162.490875 227.009476
-170.316711 85.184227 262.129486
-164.435440 1.974613 279.164978
-144.871872 -89.555084 275.622986
-164.435791 -165.686035 224.688690
-170.317947 -222.976242 162.016647
-164.437485 -264.890350 88.144249
-221.719101 -236.255447 -0.000014
-239.938843 -197.431915 -91.793221
-239.941589 -148.306702 -159.402512
-221.716187 -73.008064 -224.694794
-239.939835 26.290424 -216.133484
-239.939102 105.770721 -190.309708
-221.716446 191.137604 -138.867691
-239.938965 213.680206 -41.785885
-239.938965 213.680206 41.785858
-221.716263 191.137451 138.868195
-239.940292 105.771248 190.307907
-239.940201 26.290464 216.133102
-221.717316 -73.008430 224.693573
-239.941589 -148.306702 159.402481
-239.939209 -197.432220 91.791595
-275.606354 -170.344193 -0.000014
-283.881226 -126.338654 -91.793221
-275.607452 -52.639748 -162.004898
-283.880676 48.259445 -148.522018
-275.607056 137.809158 -100.126884
-283.879791 156.167419 -0.000014
-275.607513 137.809387 100.125282
-283.880646 48.259441 148.522049
-275.606628 -52.639587 162.006378
-283.881653 -126.338852 91.791595
-310.460968 -92.682213 -0.000014
-310.461761 -28.642176 -88.142639
-310.460938 74.982239 -54.476254
-310.460938 74.982239 54.476265
-310.461304 -28.642134 88.144249
-324.000000 -0.000028 -0.000014
