2 3 19.4
2 6 19.4
2 7 18.0
2 8 15.1
2 9 18.0
3 2 19.4
3 4 19.4
3 9 18.0
3 10 15.1
3 11 18.0
4 3 19.4
4 5 19.4
4 11 18.0
4 12 15.1
4 13 18.0
5 4 19.4
5 6 19.4
5 13 18.0
5 14 15.1
5 15 18.0
6 2 19.4
6 5 19.4
6 7 18.0
6 15 18.0
6 16 15.1
7 2 18.0
7 6 18.0
7 8 18.1
7 16 18.1
7 17 14.8
7 31 14.8
8 2 15.1
8 7 18.1
8 9 18.1
8 17 18.1
8 18 15.1
8 19 18.1
9 2 18.0
9 3 18.0
9 8 18.1
9 10 18.1
9 19 14.8
9 20 14.8
10 3 15.1
10 9 18.1
10 11 18.1
10 20 18.1
10 21 15.1
10 22 18.1
11 3 18.0
11 4 18.0
11 10 18.1
11 12 18.1
11 22 14.8
11 23 14.8
12 4 15.1
12 11 18.1
12 13 18.1
12 23 18.1
12 24 15.1
12 25 18.1
13 4 18.0
13 5 18.0
13 12 18.1
13 14 18.1
13 25 14.8
13 26 14.8
14 5 15.1
14 13 18.1
14 15 18.1
14 26 18.1
14 27 15.1
14 28 18.1
15 5 18.0
15 6 18.0
15 14 18.1
15 16 18.1
15 28 14.8
15 29 14.8
16 6 15.1
16 7 18.1
16 15 18.1
16 29 18.1
16 30 15.1
16 31 18.1
17 7 14.8
17 8 18.1
17 18 18.0
17 31 14.8
17 32 18.1
17 33 18.0
18 8 15.1
18 17 18.0
18 19 18.0
18 33 19.4
18 34 16.6
18 35 19.4
19 8 18.1
19 9 14.8
19 18 18.0
19 20 14.8
19 35 18.0
19 36 18.1
20 9 14.8
20 10 18.1
20 19 14.8
20 21 18.0
20 36 18.1
20 37 18.0
21 10 15.1
21 20 18.0
21 22 18.0
21 37 19.4
21 38 16.6
21 39 19.4
22 10 18.1
22 11 14.8
22 21 18.0
22 23 14.8
22 39 18.0
22 40 18.1
23 11 14.8
23 12 18.1
23 22 14.8
23 24 18.0
23 40 18.1
23 41 18.0
24 12 15.1
24 23 18.0
24 25 18.0
24 41 19.4
24 42 16.6
24 43 19.4
25 12 18.1
25 13 14.8
25 24 18.0
25 26 14.8
25 43 18.0
25 44 18.1
26 13 14.8
26 14 18.1
26 25 14.8
26 27 18.0
26 44 18.1
26 45 18.0
27 14 15.1
27 26 18.0
27 28 18.0
27 45 19.4
27 46 16.6
27 47 19.4
28 14 18.1
28 15 14.8
28 27 18.0
28 29 14.8
28 47 18.0
28 48 18.1
29 15 14.8
29 16 18.1
29 28 14.8
29 30 18.0
29 48 18.1
29 49 18.0
30 16 15.1
30 29 18.0
30 31 18.0
30 49 19.4
30 50 16.6
30 51 19.4
31 7 14.8
31 16 18.1
31 17 14.8
31 30 18.0
31 32 18.1
31 51 18.0
32 17 18.1
32 31 18.1
32 33 15.1
32 51 15.1
32 52 18.1
32 71 18.1
33 17 18.0
33 18 19.4
33 32 15.1
33 34 16.6
33 52 18.0
33 53 19.4
34 18 16.6
34 33 16.6
34 35 16.6
34 53 16.6
34 54 16.6
35 18 19.4
35 19 18.0
35 34 16.6
35 36 15.1
35 54 19.4
35 55 18.0
36 19 18.1
36 20 18.1
36 35 15.1
36 37 15.1
36 55 18.1
36 56 18.1
37 20 18.0
37 21 19.4
37 36 15.1
37 38 16.6
37 56 18.0
37 57 19.4
38 21 16.6
38 37 16.6
38 39 16.6
38 57 16.6
38 58 16.6
39 21 19.4
39 22 18.0
39 38 16.6
39 40 15.1
39 58 19.4
39 59 18.0
40 22 18.1
40 23 18.1
40 39 15.1
40 41 15.1
40 59 18.1
40 60 18.1
41 23 18.0
41 24 19.4
41 40 15.1
41 42 16.6
41 60 18.0
41 61 19.4
42 24 16.6
42 41 16.6
42 43 16.6
42 61 16.6
42 62 16.6
43 24 19.4
43 25 18.0
43 42 16.6
43 44 15.1
43 62 19.4
43 63 18.0
44 25 18.1
44 26 18.1
44 43 15.1
44 45 15.1
44 63 18.1
44 64 18.1
45 26 18.0
45 27 19.4
45 44 15.1
45 46 16.6
45 64 18.0
45 65 19.4
46 27 16.6
46 45 16.6
46 47 16.6
46 65 16.6
46 66 16.6
47 27 19.4
47 28 18.0
47 46 16.6
47 48 15.1
47 66 19.4
47 67 18.0
48 28 18.1
48 29 18.1
48 47 15.1
48 49 15.1
48 67 18.1
48 68 18.1
49 29 18.0
49 30 19.4
49 48 15.1
49 50 16.6
49 68 18.0
49 69 19.4
50 30 16.6
50 49 16.6
50 51 16.6
50 69 16.6
50 70 16.6
51 30 19.4
51 31 18.0
51 32 15.1
51 50 16.6
51 70 19.4
51 71 18.0
52 32 18.1
52 33 18.0
52 53 18.0
52 71 14.8
52 72 14.8
52 73 18.1
53 33 19.4
53 34 16.6
53 52 18.0
53 54 19.4
53 73 15.1
53 74 18.0
54 34 16.6
54 35 19.4
54 53 19.4
54 55 18.0
54 74 18.0
54 75 15.1
55 35 18.0
55 36 18.1
55 54 18.0
55 56 14.8
55 75 18.1
55 76 14.8
56 36 18.1
56 37 18.0
56 55 14.8
56 57 18.0
56 76 14.8
56 77 18.1
57 37 19.4
57 38 16.6
57 56 18.0
57 58 19.4
57 77 15.1
57 78 18.0
58 38 16.6
58 39 19.4
58 57 19.4
58 59 18.0
58 78 18.0
58 79 15.1
59 39 18.0
59 40 18.1
59 58 18.0
59 60 14.8
59 79 18.1
59 80 14.8
60 40 18.1
60 41 18.0
60 59 14.8
60 61 18.0
60 80 14.8
60 81 18.1
61 41 19.4
61 42 16.6
61 60 18.0
61 62 19.4
61 81 15.1
61 82 18.0
62 42 16.6
62 43 19.4
62 61 19.4
62 63 18.0
62 82 18.0
62 83 15.1
63 43 18.0
63 44 18.1
63 62 18.0
63 64 14.8
63 83 18.1
63 84 14.8
64 44 18.1
64 45 18.0
64 63 14.8
64 65 18.0
64 84 14.8
64 85 18.1
65 45 19.4
65 46 16.6
65 64 18.0
65 66 19.4
65 85 15.1
65 86 18.0
66 46 16.6
66 47 19.4
66 65 19.4
66 67 18.0
66 86 18.0
66 87 15.1
67 47 18.0
67 48 18.1
67 66 18.0
67 68 14.8
67 87 18.1
67 88 14.8
68 48 18.1
68 49 18.0
68 67 14.8
68 69 18.0
68 88 14.8
68 89 18.1
69 49 19.4
69 50 16.6
69 68 18.0
69 70 19.4
69 89 15.1
69 90 18.0
70 50 16.6
70 51 19.4
70 69 19.4
70 71 18.0
70 90 18.0
70 91 15.1
71 32 18.1
71 51 18.0
71 52 14.8
71 70 18.0
71 72 14.8
71 91 18.1
72 52 14.8
72 71 14.8
72 73 18.1
72 91 18.1
72 92 18.0
72 111 18.0
73 52 18.1
73 53 15.1
73 72 18.1
73 74 18.1
73 92 15.1
73 93 18.1
74 53 18.0
74 54 18.0
74 73 18.1
74 75 18.1
74 93 14.8
74 94 14.8
75 54 15.1
75 55 18.1
75 74 18.1
75 76 18.1
75 94 18.1
75 95 15.1
76 55 14.8
76 56 14.8
76 75 18.1
76 77 18.1
76 95 18.0
76 96 18.0
77 56 18.1
77 57 15.1
77 76 18.1
77 78 18.1
77 96 15.1
77 97 18.1
78 57 18.0
78 58 18.0
78 77 18.1
78 79 18.1
78 97 14.8
78 98 14.8
79 58 15.1
79 59 18.1
79 78 18.1
79 80 18.1
79 98 18.1
79 99 15.1
80 59 14.8
80 60 14.8
80 79 18.1
80 81 18.1
80 99 18.0
80 100 18.0
81 60 18.1
81 61 15.1
81 80 18.1
81 82 18.1
81 100 15.1
81 101 18.1
82 61 18.0
82 62 18.0
82 81 18.1
82 83 18.1
82 101 14.8
82 102 14.8
83 62 15.1
83 63 18.1
83 82 18.1
83 84 18.1
83 102 18.1
83 103 15.1
84 63 14.8
84 64 14.8
84 83 18.1
84 85 18.1
84 103 18.0
84 104 18.0
85 64 18.1
85 65 15.1
85 84 18.1
85 86 18.1
85 104 15.1
85 105 18.1
86 65 18.0
86 66 18.0
86 85 18.1
86 87 18.1
86 105 14.8
86 106 14.8
87 66 15.1
87 67 18.1
87 86 18.1
87 88 18.1
87 106 18.1
87 107 15.1
88 67 14.8
88 68 14.8
88 87 18.1
88 89 18.1
88 107 18.0
88 108 18.0
89 68 18.1
89 69 15.1
89 88 18.1
89 90 18.1
89 108 15.1
89 109 18.1
90 69 18.0
90 70 18.0
90 89 18.1
90 91 18.1
90 109 14.8
90 110 14.8
91 70 15.1
91 71 18.1
91 72 18.1
91 90 18.1
91 110 18.1
91 111 15.1
92 72 18.0
92 73 15.1
92 93 18.0
92 111 19.4
92 112 16.6
92 113 19.4
93 73 18.1
93 74 14.8
93 92 18.0
93 94 14.8
93 113 18.0
93 114 18.1
94 74 14.8
94 75 18.1
94 93 14.8
94 95 18.0
94 114 18.1
94 115 18.0
95 75 15.1
95 76 18.0
95 94 18.0
95 96 19.4
95 115 19.4
95 116 16.6
96 76 18.0
96 77 15.1
96 95 19.4
96 97 18.0
96 116 16.6
96 117 19.4
97 77 18.1
97 78 14.8
97 96 18.0
97 98 14.8
97 117 18.0
97 118 18.1
98 78 14.8
98 79 18.1
98 97 14.8
98 99 18.0
98 118 18.1
98 119 18.0
99 79 15.1
99 80 18.0
99 98 18.0
99 100 19.4
99 119 19.4
99 120 16.6
100 80 18.0
100 81 15.1
100 99 19.4
100 101 18.0
100 120 16.6
100 121 19.4
101 81 18.1
101 82 14.8
101 100 18.0
101 102 14.8
101 121 18.0
101 122 18.1
102 82 14.8
102 83 18.1
102 101 14.8
102 103 18.0
102 122 18.1
102 123 18.0
103 83 15.1
103 84 18.0
103 102 18.0
103 104 19.4
103 123 19.4
103 124 16.6
104 84 18.0
104 85 15.1
104 103 19.4
104 105 18.0
104 124 16.6
104 125 19.4
105 85 18.1
105 86 14.8
105 104 18.0
105 106 14.8
105 125 18.0
105 126 18.1
106 86 14.8
106 87 18.1
106 105 14.8
106 107 18.0
106 126 18.1
106 127 18.0
107 87 15.1
107 88 18.0
107 106 18.0
107 108 19.4
107 127 19.4
107 128 16.6
108 88 18.0
108 89 15.1
108 107 19.4
108 109 18.0
108 128 16.6
108 129 19.4
109 89 18.1
109 90 14.8
109 108 18.0
109 110 14.8
109 129 18.0
109 130 18.1
110 90 14.8
110 91 18.1
110 109 14.8
110 111 18.0
110 130 18.1
110 131 18.0
111 72 18.0
111 91 15.1
111 92 19.4
111 110 18.0
111 112 16.6
111 131 19.4
112 92 16.6
112 111 16.6
112 113 16.6
112 131 16.6
112 132 16.6
113 92 19.4
113 93 18.0
113 112 16.6
113 114 15.1
113 132 19.4
113 133 18.0
114 93 18.1
114 94 18.1
114 113 15.1
114 115 15.1
114 133 18.1
114 134 18.1
115 94 18.0
115 95 19.4
115 114 15.1
115 116 16.6
115 134 18.0
115 135 19.4
116 95 16.6
116 96 16.6
116 115 16.6
116 117 16.6
116 135 16.6
117 96 19.4
117 97 18.0
117 116 16.6
117 118 15.1
117 135 19.4
117 136 18.0
118 97 18.1
118 98 18.1
118 117 15.1
118 119 15.1
118 136 18.1
118 137 18.1
119 98 18.0
119 99 19.4
119 118 15.1
119 120 16.6
119 137 18.0
119 138 19.4
120 99 16.6
120 100 16.6
120 119 16.6
120 121 16.6
120 138 16.6
121 100 19.4
121 101 18.0
121 120 16.6
121 122 15.1
121 138 19.4
121 139 18.0
122 101 18.1
122 102 18.1
122 121 15.1
122 123 15.1
122 139 18.1
122 140 18.1
123 102 18.0
123 103 19.4
123 122 15.1
123 124 16.6
123 140 18.0
123 141 19.4
124 103 16.6
124 104 16.6
124 123 16.6
124 125 16.6
124 141 16.6
125 104 19.4
125 105 18.0
125 124 16.6
125 126 15.1
125 141 19.4
125 142 18.0
126 105 18.1
126 106 18.1
126 125 15.1
126 127 15.1
126 142 18.1
126 143 18.1
127 106 18.0
127 107 19.4
127 126 15.1
127 128 16.6
127 143 18.0
127 144 19.4
128 107 16.6
128 108 16.6
128 127 16.6
128 129 16.6
128 144 16.6
129 108 19.4
129 109 18.0
129 128 16.6
129 130 15.1
129 144 19.4
129 145 18.0
130 109 18.1
130 110 18.1
130 129 15.1
130 131 15.1
130 145 18.1
130 146 18.1
131 110 18.0
131 111 19.4
131 112 16.6
131 130 15.1
131 132 19.4
131 146 18.0
132 112 16.6
132 113 19.4
132 131 19.4
132 133 18.0
132 146 18.0
132 147 15.1
133 113 18.0
133 114 18.1
133 132 18.0
133 134 14.8
133 147 18.1
133 148 14.8
134 114 18.1
134 115 18.0
134 133 14.8
134 135 18.0
134 148 14.8
134 149 18.1
135 115 19.4
135 116 16.6
135 117 19.4
135 134 18.0
135 136 18.0
135 149 15.1
136 117 18.0
136 118 18.1
136 135 18.0
136 137 14.8
136 149 18.1
136 150 14.8
137 118 18.1
137 119 18.0
137 136 14.8
137 138 18.0
137 150 14.8
137 151 18.1
138 119 19.4
138 120 16.6
138 121 19.4
138 137 18.0
138 139 18.0
138 151 15.1
139 121 18.0
139 122 18.1
139 138 18.0
139 140 14.8
139 151 18.1
139 152 14.8
140 122 18.1
140 123 18.0
140 139 14.8
140 141 18.0
140 152 14.8
140 153 18.1
141 123 19.4
141 124 16.6
141 125 19.4
141 140 18.0
141 142 18.0
141 153 15.1
142 125 18.0
142 126 18.1
142 141 18.0
142 143 14.8
142 153 18.1
142 154 14.8
143 126 18.1
143 127 18.0
143 142 14.8
143 144 18.0
143 154 14.8
143 155 18.1
144 127 19.4
144 128 16.6
144 129 19.4
144 143 18.0
144 145 18.0
144 155 15.1
145 129 18.0
145 130 18.1
145 144 18.0
145 146 14.8
145 155 18.1
145 156 14.8
146 130 18.1
146 131 18.0
146 132 18.0
146 145 14.8
146 147 18.1
146 156 14.8
147 132 15.1
147 133 18.1
147 146 18.1
147 148 18.1
147 156 18.1
147 157 15.1
148 133 14.8
148 134 14.8
148 147 18.1
148 149 18.1
148 157 18.0
148 158 18.0
149 134 18.1
149 135 15.1
149 136 18.1
149 148 18.1
149 150 18.1
149 158 15.1
150 136 14.8
150 137 14.8
150 149 18.1
150 151 18.1
150 158 18.0
150 159 18.0
151 137 18.1
151 138 15.1
151 139 18.1
151 150 18.1
151 152 18.1
151 159 15.1
152 139 14.8
152 140 14.8
152 151 18.1
152 153 18.1
152 159 18.0
152 160 18.0
153 140 18.1
153 141 15.1
153 142 18.1
153 152 18.1
153 154 18.1
153 160 15.1
154 142 14.8
154 143 14.8
154 153 18.1
154 155 18.1
154 160 18.0
154 161 18.0
155 143 18.1
155 144 15.1
155 145 18.1
155 154 18.1
155 156 18.1
155 161 15.1
156 145 14.8
156 146 14.8
156 147 18.1
156 155 18.1
156 157 18.0
156 161 18.0
157 147 15.1
157 148 18.0
157 156 18.0
157 158 19.4
157 161 19.4
158 148 18.0
158 149 15.1
158 150 18.0
158 157 19.4
158 159 19.4
159 150 18.0
159 151 15.1
159 152 18.0
159 158 19.4
159 160 19.4
160 152 18.0
160 153 15.1
160 154 18.0
160 159 19.4
160 161 19.4
161 154 18.0
161 155 15.1
161 156 18.0
161 157 19.4
161 160 19.4
