0.0
16.6
28.8
31.7
42.2
46.8
58.3
59.5
63.4
75.0
77.2
87.7
90.0
92.3
102.8
105.0
116.6
120.5
121.7
133.2
137.8
148.3
151.2
163.4
180.0
19.4
31.6
18.0
15.1
30.5
37.2
46.1
45.4
27.9
30.2
32.8
43.9
46.7
52.0
60.9
58.6
45.5
50.8
61.0
64.6
69.9
75.4
74.9
60.6
78.6
82.6
89.0
92.2
91.5
74.4
74.2
75.6
80.3
87.1
92.9
99.7
105.6
105.8
104.4
87.8
88.5
91.0
97.4
101.4
104.6
110.1
119.4
119.1
105.1
115.4
119.0
129.2
134.5
136.1
121.4
128.0
133.3
147.2
152.1
149.8
133.9
134.6
142.8
149.5
162.0
164.9
148.4
160.6
18.1
32.9
48.2
54.6
60.5
14.8
36.3
46.5
69.2
29.5
54.0
71.9
96.3
100.6
58.9
62.7
73.5
79.4
106.5
110.8
117.3
121.1
83.7
108.1
133.5
126.0
150.5
143.7
165.2
119.5
125.4
131.8
147.1
161.9
36.0
60.0
72.0
108.0
120.0
144.0
79.5
100.5
91.1
119.2
51.9
128.1
60.8
88.9
129.3
133.4
46.6
50.7
110.0
70.0
